H NUM     Z    A ISOM  ABUNDANCE_MF  ISOTP
 # mod       10 dzeit  5.77E-02 agej  1.7100E-01
 # t9 =    5.500E-02 rho =    1.000E+02
 # densn  5.25883E+00
 # densp  4.24452E+25
 # densa  4.15132E+24
 # total_energy_flux_[erg/(g*s)]  5.26243E+08
    1     0.   1.   1   8.73249E-26  NEUT 
    2     1.   1.   1   7.04819E-01  PROT 
    3     1.   2.   1   2.31994E-18  H   2
    4     2.   3.   1   1.63242E-08  HE  3
    5     2.   4.   1   2.75737E-01  HE  4
    6     4.   7.   1   1.49489E-10  BE  7
    7     5.   8.   1   5.68925E-14  B   8
    8     3.   7.   1   1.29444E-19  LI  7
    9     6.  11.   1   9.84305E-23  C  11
   10     5.  11.   1   4.72517E-09  B  11
   11     6.  12.   1   7.16289E-05  C  12
   12     6.  13.   1   1.96373E-05  C  13
   13     7.  13.   1   2.08677E-07  N  13
   14     7.  14.   1   4.83241E-03  N  14
   15     6.  14.   1   9.71159E-11  C  14
   16     7.  15.   1   8.06539E-08  N  15
   17     8.  16.   1   9.31636E-03  O  16
   18     8.  17.   1   1.23003E-05  O  17
   19     8.  18.   1   1.28718E-08  O  18
   20     9.  17.   1   5.24667E-09  F  17
   21     9.  18.   1   5.92720E-09  F  18
   22     9.  19.   1   1.23758E-07  F  19
   23    10.  20.   1   1.61875E-03  NE 20
   24    10.  21.   1   1.23309E-06  NE 21
   25    10.  22.   1   1.28892E-04  NE 22
   26    11.  22.   1   3.25544E-06  NA 22
   27    11.  23.   1   3.48545E-05  NA 23
   28    12.  23.   1   3.39750E-13  MG 23
   29    12.  24.   1   5.14850E-04  MG 24
   30    12.  25.   1   6.70160E-05  MG 25
   31    12.  26.   1   7.75486E-05  MG 26
   32    13.  26.   1   6.72001E-07  AL 26
   33    13.  27.   1   5.80363E-05  AL 27
   34    14.  27.   1   1.06035E-16  SI 27
   35    14.  28.   1   6.53023E-04  SI 28
   36    14.  29.   1   3.42611E-05  SI 29
   37    14.  30.   1   2.35271E-05  SI 30
   38    15.  31.   1   8.15575E-06  P  31
   39    16.  31.   1   1.00004E-99  S  31
   43     4.   8.   1   1.00004E-99  BE  8
   44     8.  14.   1   2.11938E-14  O  14
   45     8.  15.   1   4.91767E-08  O  15
   46    11.  21.   1   2.17898E-12  NA 21
   47    13.  25.   1   1.90541E-15  AL 25
   48    15.  29.   1   2.28179E-19  P  29
   49    15.  30.   1   4.03187E-15  P  30
   50    82. 206.   1   3.09012E-09  PB206
   51    82. 207.   1   3.37213E-09  PB207
   52    83. 211.   1   3.18307E-33  BI211
   53    84. 210.   1   1.24367E-14  PO210
   55     1.   3.   1   1.74335E-09  H   3
   56     9.  20.   1   1.23216E-24  F  20
   57    10.  19.   1   1.05095E-15  NE 19
   58    11.  24.   1   1.57715E-17  NA 24
   59    12.  27.   1   2.10783E-21  MG 27
   60    12.  28.   1   1.00000E-99  MG 28
   61    13.  28.   1   7.18060E-20  AL 28
   62    13.  29.   1   5.86199E-33  AL 29
   63    14.  31.   1   2.73544E-18  SI 31
   64    14.  32.   1   1.25981E-16  SI 32
   65    15.  32.   1   4.32259E-13  P  32
   66    15.  33.   1   4.27560E-14  P  33
   67    15.  34.   1   4.90257E-30  P  34
   68    15.  35.   1   9.56182E-38  P  35
   69    16.  32.   1   3.95811E-04  S  32
   70    16.  33.   1   3.21769E-06  S  33
   71    16.  34.   1   1.86608E-05  S  34
   72    16.  35.   1   6.22064E-12  S  35
   73    16.  36.   1   9.37931E-08  S  36
   74    16.  37.   1   7.95906E-24  S  37
   75    16.  38.   1   1.00000E-99  S  38
   76    17.  34.   1   1.02246E-21  CL 34
   77    17.  35.   1   2.53167E-06  CL 35
   78    17.  36.   1   8.96404E-11  CL 36
   79    17.  37.   1   8.54761E-07  CL 37
   80    17.  38.   1   7.98425E-21  CL 38
   81    17.  39.   1   1.00000E-99  CL 39
   82    17.  40.   1   1.16750E-36  CL 40
   83    18.  35.   1   1.00004E-99  AR 35
   84    18.  36.   1   7.73918E-05  AR 36
   85    18.  37.   1   1.10768E-08  AR 37
   86    18.  38.   1   1.53796E-05  AR 38
   87    18.  39.   1   2.11130E-10  AR 39
   88    18.  40.   1   2.52911E-08  AR 40
   89    18.  41.   1   4.17921E-22  AR 41
   90    18.  42.   1   7.46478E-20  AR 42
   91    18.  43.   1   1.83775E-34  AR 43
   92    18.  44.   1   1.00004E-99  AR 44
   93    19.  38.   1   1.02784E-20  K  38
   94    19.  39.   1   3.46863E-06  K  39
   95    19.  40.   1   6.04814E-09  K  40
   96    19.  41.   1   2.62974E-07  K  41
   97    19.  42.   1   7.71490E-19  K  42
   98    19.  43.   1   1.00181E-29  K  43
   99    19.  44.   1   1.53472E-33  K  44
  100    19.  45.   1   1.00004E-99  K  45
  101    19.  46.   1   1.00004E-99  K  46
  102    20.  39.   1   1.00004E-99  CA 39
  103    20.  40.   1   5.98979E-05  CA 40
  104    20.  41.   1   4.31246E-09  CA 41
  105    20.  42.   1   4.19571E-07  CA 42
  106    20.  43.   1   8.96853E-08  CA 43
  107    20.  44.   1   1.41910E-06  CA 44
  108    20.  45.   1   1.33902E-11  CA 45
  109    20.  46.   1   2.79308E-09  CA 46
  110    20.  47.   1   1.22883E-18  CA 47
  111    20.  48.   1   1.38403E-07  CA 48
  112    20.  49.   1   1.17848E-22  CA 49
  113    21.  43.   1   5.15506E-20  SC 43
  114    21.  44.   1   6.65922E-21  SC 44
  115    21.  45.   1   3.88894E-08  SC 45
  116    21.  46.   1   5.83657E-12  SC 46
  117    21.  47.   1   3.76818E-18  SC 47
  118    21.  48.   1   8.50199E-29  SC 48
  119    21.  49.   1   1.92597E-21  SC 49
  120    21.  50.   1   1.97512E-36  SC 50
  121    22.  44.   1   1.00004E-99  TI 44
  122    22.  45.   1   1.00004E-99  TI 45
  123    22.  46.   1   2.23404E-07  TI 46
  124    22.  47.   1   2.08060E-07  TI 47
  125    22.  48.   1   2.14982E-06  TI 48
  126    22.  49.   1   1.63708E-07  TI 49
  127    22.  50.   1   1.64416E-07  TI 50
  128    22.  51.   1   8.33826E-23  TI 51
  129    22.  52.   1   1.42114E-37  TI 52
  130    23.  47.   1   2.07620E-23  V  47
  131    23.  48.   1   1.33514E-20  V  48
  132    23.  49.   1   2.28693E-19  V  49
  133    23.  50.   1   9.25559E-10  V  50
  134    23.  51.   1   3.76610E-07  V  51
  135    23.  52.   1   1.59679E-20  V  52
  136    23.  53.   1   1.78726E-34  V  53
  137    24.  48.   1   1.00004E-99  CR 48
  138    24.  49.   1   1.00004E-99  CR 49
  139    24.  50.   1   7.42212E-07  CR 50
  140    24.  51.   1   2.15788E-10  CR 51
  141    24.  52.   1   1.48805E-05  CR 52
  142    24.  53.   1   1.71949E-06  CR 53
  143    24.  54.   1   4.36483E-07  CR 54
  144    24.  55.   1   1.09207E-21  CR 55
  145    24.  56.   1   1.00000E-99  CR 56
  146    25.  51.   1   6.53755E-25  MN 51
  147    25.  52.   1   7.08878E-26  MN 52
  148    25.  53.   1   1.34996E-20  MN 53
  149    25.  54.   1   1.00575E-21  MN 54
  150    25.  55.   1   1.32862E-05  MN 55
  151    25.  56.   1   2.24691E-17  MN 56
  152    25.  57.   1   3.90711E-31  MN 57
  153    26.  52.   1   1.00004E-99  FE 52
  154    26.  53.   1   1.00004E-99  FE 53
  155    26.  54.   1   7.12917E-05  FE 54
  156    26.  55.   1   1.10571E-08  FE 55
  157    26.  56.   1   1.16903E-03  FE 56
  158    26.  57.   1   2.85639E-05  FE 57
  159    26.  58.   1   3.70150E-06  FE 58
  160    26.  59.   1   5.33088E-11  FE 59
  161    26.  60.   1   3.33804E-16  FE 60
  162    26.  61.   1   3.64639E-31  FE 61
  163    27.  55.   1   1.82264E-23  CO 55
  164    27.  56.   1   8.64223E-26  CO 56
  165    27.  57.   1   1.07903E-20  CO 57
  166    27.  58.   1   2.57137E-21  CO 58
  167    27.  59.   1   3.35773E-06  CO 59
  168    27.  60.   1   4.75366E-10  CO 60
  169    27.  61.   1   7.41757E-22  CO 61
  170    27.  62.   1   8.35741E-36  CO 62
  171    27.  63.   1   1.00004E-99  CO 63
  172    28.  56.   1   1.00004E-99  NI 56
  173    28.  57.   1   1.00004E-99  NI 57
  174    28.  58.   1   4.94393E-05  NI 58
  175    28.  59.   1   2.51470E-09  NI 59
  176    28.  60.   1   1.95790E-05  NI 60
  177    28.  61.   1   8.60850E-07  NI 61
  178    28.  62.   1   2.77575E-06  NI 62
  179    28.  63.   1   6.49266E-10  NI 63
  180    28.  64.   1   7.26961E-07  NI 64
  181    28.  65.   1   5.16541E-20  NI 65
  182    28.  66.   1   7.88625E-26  NI 66
  183    28.  67.   1   1.00000E-99  NI 67
  184    28.  68.   1   1.00004E-99  NI 68
  185    29.  60.   1   1.00517E-31  CU 60
  186    29.  61.   1   1.28734E-26  CU 61
  187    29.  62.   1   2.27459E-29  CU 62
  188    29.  63.   1   5.75178E-07  CU 63
  189    29.  64.   1   7.08412E-18  CU 64
  190    29.  65.   1   2.64684E-07  CU 65
  191    29.  66.   1   6.89549E-21  CU 66
  192    29.  67.   1   4.37025E-22  CU 67
  193    29.  68.   1   2.80504E-33  CU 68
  194    29.  69.   1   1.52987E-34  CU 69
  195    29.  70.   1   1.00004E-99  CU 70
  196    29.  71.   1   1.00004E-99  CU 71
  197    30.  62.   1   1.00004E-99  ZN 62
  198    30.  63.   1   1.00004E-99  ZN 63
  199    30.  64.   1   9.92366E-07  ZN 64
  200    30.  65.   1   1.72890E-10  ZN 65
  201    30.  66.   1   5.87698E-07  ZN 66
  202    30.  67.   1   8.76294E-08  ZN 67
  203    30.  68.   1   4.05923E-07  ZN 68
  204    30.  69.   1   9.75787E-20  ZN 69
  205    30.  70.   1   1.38095E-08  ZN 70
  206    30.  71.   1   8.61685E-23  ZN 71
  207    30.  72.   1   1.00000E-99  ZN 72
  208    30.  73.   1   1.58684E-34  ZN 73
  209    30.  74.   1   1.00004E-99  ZN 74
  210    31.  65.   1   8.67330E-31  GA 65
  211    31.  66.   1   1.00004E-99  GA 66
  212    31.  67.   1   2.04383E-28  GA 67
  213    31.  68.   1   3.90805E-31  GA 68
  214    31.  69.   1   3.96535E-08  GA 69
  215    31.  70.   1   1.26123E-20  GA 70
  216    31.  71.   1   2.71172E-08  GA 71
  217    31.  72.   1   4.01053E-19  GA 72
  218    31.  73.   1   4.31182E-30  GA 73
  219    31.  74.   1   5.39162E-35  GA 74
  220    31.  75.   1   1.00004E-99  GA 75
  221    32.  66.   1   1.00004E-99  GE 66
  222    32.  67.   1   1.00004E-99  GE 67
  223    32.  68.   1   1.00004E-99  GE 68
  224    32.  69.   1   1.00004E-99  GE 69
  225    32.  70.   1   4.32073E-08  GE 70
  226    32.  71.   1   2.21725E-12  GE 71
  227    32.  72.   1   5.93711E-08  GE 72
  228    32.  73.   1   1.71390E-08  GE 73
  229    32.  74.   1   8.12490E-08  GE 74
  230    32.  75.   1   3.23663E-20  GE 75
  231    32.  76.   1   1.78394E-08  GE 76
  232    32.  77.   1   3.19701E-20  GE 77
  233    32.  78.   1   6.15948E-32  GE 78
  234    33.  69.   1   1.00004E-99  AS 69
  235    33.  70.   1   1.00004E-99  AS 70
  236    33.  71.   1   1.00004E-99  AS 71
  237    33.  72.   1   1.00004E-99  AS 72
  238    33.  73.   1   1.00004E-99  AS 73
  239    33.  74.   1   1.00004E-99  AS 74
  240    33.  75.   1   1.24440E-08  AS 75
  241    33.  76.   1   7.57930E-19  AS 76
  242    33.  77.   1   1.09562E-19  AS 77
  243    33.  78.   1   2.80553E-31  AS 78
  244    33.  79.   1   2.21807E-33  AS 79
  245    33.  80.   1   1.00004E-99  AS 80
  246    33.  81.   1   1.00004E-99  AS 81
  247    34.  72.   1   1.00004E-99  SE 72
  248    34.  73.   1   1.00004E-99  SE 73
  249    34.  74.   1   1.02917E-09  SE 74
  250    34.  75.   1   7.35528E-13  SE 75
  251    34.  76.   1   1.07833E-08  SE 76
  252    34.  77.   1   9.14914E-09  SE 77
  253    34.  78.   1   2.90068E-08  SE 78
  254    34.  79.   1   5.86677E-12  SE 79
  255    34.  80.   1   6.25249E-08  SE 80
  256    34.  81.   1   6.10288E-21  SE 81
  257    34.  82.   1   1.18201E-08  SE 82
  258    34.  83.   1   3.00634E-22  SE 83
  259    34.  84.   1   1.00000E-99  SE 84
  260    35.  74.   1   1.00004E-99  BR 74
  261    35.  75.   1   1.00004E-99  BR 75
  262    35.  76.   1   1.00004E-99  BR 76
  263    35.  77.   1   1.00004E-99  BR 77
  264    35.  78.   1   1.00004E-99  BR 78
  265    35.  79.   1   1.19251E-08  BR 79
  266    35.  80.   1   1.66743E-20  BR 80
  267    35.  81.   1   1.19191E-08  BR 81
  268    35.  82.   1   8.11369E-19  BR 82
  269    35.  83.   1   1.91497E-21  BR 83
  270    35.  84.   1   1.00000E-99  BR 84
  271    35.  85.   1   1.00000E-99  BR 85
  272    35.  86.   1   1.00004E-99  BR 86
  273    35.  87.   1   1.00004E-99  BR 87
  274    36.  76.   1   1.00004E-99  KR 76
  275    36.  77.   1   1.00004E-99  KR 77
  276    36.  78.   1   3.01789E-10  KR 78
  277    36.  79.   1   1.87094E-20  KR 79
  278    36.  80.   1   2.04361E-09  KR 80
  279    36.  81.   1   2.54586E-12  KR 81
  280    36.  82.   1   1.06876E-08  KR 82
  281    36.  83.   1   1.08236E-08  KR 83
  282    36.  84.   1   5.46136E-08  KR 84
  283    36.  85.   1   9.21793E-12  KR 85
  284    36.  86.   1   1.70506E-08  KR 86
  285    36.  87.   1   1.63357E-22  KR 87
  286    36.  88.   1   1.00000E-99  KR 88
  287    36.  89.   1   2.39745E-34  KR 89
  288    36.  90.   1   1.00004E-99  KR 90
  289    37.  79.   1   1.00004E-99  RB 79
  290    37.  80.   1   1.00004E-99  RB 80
  291    37.  81.   1   1.00004E-99  RB 81
  292    37.  82.   1   1.00004E-99  RB 82
  293    37.  83.   1   1.00004E-99  RB 83
  294    37.  84.   1   1.00004E-99  RB 84
  295    37.  85.   1   1.10046E-08  RB 85
  296    37.  86.   1   5.91207E-13  RB 86
  297    37.  87.   1   4.64303E-09  RB 87
  298    37.  88.   1   1.30147E-22  RB 88
  299    37.  89.   1   1.00000E-99  RB 89
  300    37.  90.   1   1.20778E-34  RB 90
  301    37.  91.   1   1.00004E-99  RB 91
  302    38.  80.   1   1.00004E-99  SR 80
  303    38.  81.   1   1.00004E-99  SR 81
  304    38.  82.   1   1.00004E-99  SR 82
  305    38.  83.   1   1.00004E-99  SR 83
  306    38.  84.   1   2.80201E-10  SR 84
  307    38.  85.   1   1.99995E-13  SR 85
  308    38.  86.   1   5.05139E-09  SR 86
  309    38.  87.   1   3.56893E-09  SR 87
  310    38.  88.   1   4.32127E-08  SR 88
  311    38.  89.   1   2.48783E-13  SR 89
  312    38.  90.   1   8.95935E-19  SR 90
  313    38.  91.   1   1.38558E-30  SR 91
  314    38.  92.   1   1.00004E-99  SR 92
  315    38.  93.   1   1.00004E-99  SR 93
  316    38.  94.   1   1.00004E-99  SR 94
  317    39.  85.   1   1.00004E-99  Y  85
  318    39.  86.   1   1.00004E-99  Y  86
  319    39.  87.   1   1.00004E-99  Y  87
  320    39.  88.   1   1.00004E-99  Y  88
  321    39.  89.   1   1.04498E-08  Y  89
  322    39.  90.   1   2.02271E-19  Y  90
  323    39.  91.   1   4.20113E-18  Y  91
  324    39.  92.   1   6.85012E-30  Y  92
  325    39.  93.   1   1.00004E-99  Y  93
  326    39.  94.   1   1.00004E-99  Y  94
  327    39.  95.   1   1.00004E-99  Y  95
  328    39.  96.   1   1.00004E-99  Y  96
  329    40.  86.   1   1.00004E-99  ZR 86
  330    40.  87.   1   1.00004E-99  ZR 87
  331    40.  88.   1   1.00004E-99  ZR 88
  332    40.  89.   1   2.38559E-31  ZR 89
  333    40.  90.   1   1.33606E-08  ZR 90
  334    40.  91.   1   2.94598E-09  ZR 91
  335    40.  92.   1   4.56128E-09  ZR 92
  336    40.  93.   1   7.81232E-13  ZR 93
  337    40.  94.   1   4.70776E-09  ZR 94
  338    40.  95.   1   2.11789E-13  ZR 95
  339    40.  96.   1   7.77076E-10  ZR 96
  340    40.  97.   1   1.91133E-21  ZR 97
  341    40.  98.   1   4.71720E-34  ZR 98
  342    41.  89.   1   1.00004E-99  NB 89
  343    41.  90.   1   1.00004E-99  NB 90
  344    41.  91.   1   1.00004E-99  NB 91
  345    41.  92.   1   1.00004E-99  NB 92
  346    41.  93.   1   1.64024E-09  NB 93
  347    41.  94.   1   1.83243E-12  NB 94
  348    41.  95.   1   1.08600E-13  NB 95
  349    41.  96.   1   6.14219E-24  NB 96
  350    41.  97.   1   1.36183E-22  NB 97
  351    41.  98.   1   1.00514E-31  NB 98
  352    41.  99.   1   1.18006E-33  NB 99
  353    42.  90.   1   1.00004E-99  MO 90
  354    42.  91.   1   1.00004E-99  MO 91
  355    42.  92.   1   8.79426E-10  MO 92
  356    42.  93.   1   3.09371E-13  MO 93
  357    42.  94.   1   5.60903E-10  MO 94
  358    42.  95.   1   9.75000E-10  MO 95
  359    42.  96.   1   1.03248E-09  MO 96
  360    42.  97.   1   5.98599E-10  MO 97
  361    42.  98.   1   1.52520E-09  MO 98
  362    42.  99.   1   1.59507E-19  MO 99
  363    42. 100.   1   6.22105E-10  MO100
  364    42. 101.   1   1.15527E-22  MO101
  365    42. 102.   1   1.00000E-99  MO102
  366    43.  93.   1   1.00004E-99  TC 93
  367    43.  94.   1   1.00004E-99  TC 94
  368    43.  95.   1   1.00004E-99  TC 95
  369    43.  96.   1   1.00004E-99  TC 96
  370    43.  97.   1   1.28439E-13  TC 97
  371    43.  98.   1   1.06610E-21  TC 98
  372    43.  99.   1   5.73988E-13  TC 99
  373    43. 100.   1   1.25861E-26  TC100
  374    43. 101.   1   1.12361E-22  TC101
  375    43. 102.   1   1.00000E-99  TC102
  376    43. 103.   1   2.76050E-38  TC103
  377    43. 104.   1   1.00004E-99  TC104
  378    43. 105.   1   1.00004E-99  TC105
  379    44.  94.   1   1.00004E-99  RU 94
  380    44.  95.   1   1.00004E-99  RU 95
  381    44.  96.   1   2.49981E-10  RU 96
  382    44.  97.   1   5.81574E-18  RU 97
  383    44.  98.   1   8.67139E-11  RU 98
  384    44.  99.   1   5.90171E-10  RU 99
  385    44. 100.   1   5.92437E-10  RU100
  386    44. 101.   1   8.05524E-10  RU101
  387    44. 102.   1   1.51863E-09  RU102
  388    44. 103.   1   7.70748E-20  RU103
  389    44. 104.   1   9.15021E-10  RU104
  390    44. 105.   1   4.40559E-21  RU105
  391    44. 106.   1   8.78391E-18  RU106
  392    45.  98.   1   1.00004E-99  RH 98
  393    45.  99.   1   1.00004E-99  RH 99
  394    45. 100.   1   1.00004E-99  RH100
  395    45. 101.   1   1.00004E-99  RH101
  396    45. 102.   1   1.00004E-99  RH102
  397    45. 103.   1   8.95039E-10  RH103
  398    45. 104.   1   5.38523E-23  RH104
  399    45. 105.   1   3.99486E-20  RH105
  400    45. 106.   1   1.42366E-23  RH106
  401    45. 107.   1   1.48093E-30  RH107
  402    45. 108.   1   1.00004E-99  RH108
  403    46.  99.   1   1.00004E-99  PD 99
  404    46. 100.   1   1.00004E-99  PD100
  405    46. 101.   1   1.00004E-99  PD101
  406    46. 102.   1   3.66011E-11  PD102
  407    46. 103.   1   5.55316E-15  PD103
  408    46. 104.   1   4.09582E-10  PD104
  409    46. 105.   1   8.21613E-10  PD105
  410    46. 106.   1   1.02076E-09  PD106
  411    46. 107.   1   8.97316E-13  PD107
  412    46. 108.   1   1.00438E-09  PD108
  413    46. 109.   1   2.03633E-20  PD109
  414    46. 110.   1   4.53267E-10  PD110
  415    46. 111.   1   2.02791E-22  PD111
  416    46. 112.   1   1.00000E-99  PD112
  417    47. 101.   1   1.00004E-99  AG101
  418    47. 102.   1   1.00004E-99  AG102
  419    47. 103.   1   1.00004E-99  AG103
  420    47. 104.   1   1.00004E-99  AG104
  421    47. 105.   1   1.00004E-99  AG105
  422    47. 106.   1   1.00004E-99  AG106
  423    47. 107.   1   6.80821E-10  AG107
  424    47. 108.   1   1.12978E-22  AG108
  425    47. 109.   1   6.44597E-10  AG109
  426    47. 110.   1   4.28391E-23  AG110
  427    47. 111.   1   7.39510E-16  AG111
  428    47. 112.   1   2.99151E-28  AG112
  429    47. 113.   1   4.71234E-33  AG113
  430    48. 102.   1   1.00004E-99  CD102
  431    48. 103.   1   1.00004E-99  CD103
  432    48. 104.   1   1.00004E-99  CD104
  433    48. 105.   1   1.00004E-99  CD105
  434    48. 106.   1   5.38463E-11  CD106
  435    48. 107.   1   7.40643E-22  CD107
  436    48. 108.   1   4.03723E-11  CD108
  437    48. 109.   1   2.24171E-14  CD109
  438    48. 110.   1   5.60246E-10  CD110
  439    48. 111.   1   5.78022E-10  CD111
  440    48. 112.   1   1.09945E-09  CD112
  441    48. 113.   1   5.62831E-10  CD113
  442    48. 114.   1   1.33547E-09  CD114
  443    48. 115.   1   6.34259E-20  CD115
  444    48. 116.   1   3.54931E-10  CD116
  445    48. 117.   1   4.26249E-22  CD117
  446    48. 118.   1   1.48851E-32  CD118
  447    49. 106.   1   1.00004E-99  IN106
  448    49. 107.   1   1.00004E-99  IN107
  449    49. 108.   1   1.00004E-99  IN108
  450    49. 109.   1   1.00004E-99  IN109
  451    49. 110.   1   1.00004E-99  IN110
  452    49. 111.   1   1.00004E-99  IN111
  453    49. 112.   1   1.00004E-99  IN112
  454    49. 113.   1   2.25329E-11  IN113
  455    49. 114.   1   2.85718E-24  IN114
  456    49. 115.   1   5.11556E-10  IN115
  457    49. 116.   1   8.74672E-24  IN116
  458    49. 117.   1   1.24310E-22  IN117
  459    49. 118.   1   1.00000E-99  IN118
  460    49. 119.   1   9.74539E-33  IN119
  461    50. 108.   1   1.00004E-99  SN108
  462    50. 109.   1   1.00004E-99  SN109
  463    50. 110.   1   1.00004E-99  SN110
  464    50. 111.   1   1.00004E-99  SN111
  465    50. 112.   1   1.05341E-10  SN112
  466    50. 113.   1   4.59625E-14  SN113
  467    50. 114.   1   7.26978E-11  SN114
  468    50. 115.   1   3.75236E-11  SN115
  469    50. 116.   1   1.62852E-09  SN116
  470    50. 117.   1   8.67022E-10  SN117
  471    50. 118.   1   2.76113E-09  SN118
  472    50. 119.   1   9.87441E-10  SN119
  473    50. 120.   1   3.77918E-09  SN120
  474    50. 121.   1   6.66725E-20  SN121
  475    50. 122.   1   5.46189E-10  SN122
  476    50. 123.   1   1.64109E-15  SN123
  477    50. 124.   1   6.93162E-10  SN124
  478    50. 125.   1   7.25593E-19  SN125
  479    50. 126.   1   3.00610E-19  SN126
  480    50. 127.   1   1.68703E-31  SN127
  481    50. 128.   1   1.00004E-99  SN128
  482    50. 129.   1   1.00004E-99  SN129
  483    50. 130.   1   1.00004E-99  SN130
  484    51. 112.   1   1.00004E-99  SB112
  485    51. 113.   1   1.00004E-99  SB113
  486    51. 114.   1   1.00004E-99  SB114
  487    51. 115.   1   1.00004E-99  SB115
  488    51. 116.   1   1.00004E-99  SB116
  489    51. 117.   1   1.00004E-99  SB117
  490    51. 118.   1   1.00004E-99  SB118
  491    51. 119.   1   1.00004E-99  SB119
  492    51. 120.   1   1.00004E-99  SB120
  493    51. 121.   1   5.41513E-10  SB121
  494    51. 122.   1   2.17443E-19  SB122
  495    51. 123.   1   4.10353E-10  SB123
  496    51. 124.   1   1.19248E-21  SB124
  497    51. 125.   1   6.15253E-14  SB125
  498    51. 126.   1   2.95755E-24  SB126
  499    51. 127.   1   3.16733E-29  SB127
  500    51. 128.   1   1.00004E-99  SB128
  501    51. 129.   1   1.00004E-99  SB129
  502    51. 130.   1   1.00004E-99  SB130
  503    51. 131.   1   1.00004E-99  SB131
  504    51. 132.   1   1.00004E-99  SB132
  505    51. 133.   1   1.00004E-99  SB133
  506    52. 114.   1   1.00004E-99  TE114
  507    52. 115.   1   1.00004E-99  TE115
  508    52. 116.   1   1.00004E-99  TE116
  509    52. 117.   1   1.00004E-99  TE117
  510    52. 118.   1   1.00004E-99  TE118
  511    52. 119.   1   1.00004E-99  TE119
  512    52. 120.   1   1.30306E-11  TE120
  513    52. 121.   1   2.07399E-15  TE121
  514    52. 122.   1   3.83160E-10  TE122
  515    52. 123.   1   1.33295E-10  TE123
  516    52. 124.   1   7.18645E-10  TE124
  517    52. 125.   1   1.07989E-09  TE125
  518    52. 126.   1   2.89781E-09  TE126
  519    52. 127.   1   1.83996E-20  TE127
  520    52. 128.   1   4.94099E-09  TE128
  521    52. 129.   1   1.39260E-21  TE129
  522    52. 130.   1   5.37296E-09  TE130
  523    52. 131.   1   2.10855E-22  TE131
  524    52. 132.   1   4.24784E-25  TE132
  525    52. 133.   1   3.22111E-32  TE133
  526    52. 134.   1   1.14859E-34  TE134
  527    53. 117.   1   1.00004E-99  I 117
  528    53. 118.   1   1.00004E-99  I 118
  529    53. 119.   1   1.00004E-99  I 119
  530    53. 120.   1   1.00004E-99  I 120
  531    53. 121.   1   1.00004E-99  I 121
  532    53. 122.   1   1.00004E-99  I 122
  533    53. 123.   1   1.00004E-99  I 123
  534    53. 124.   1   1.00004E-99  I 124
  535    53. 125.   1   2.34987E-14  I 125
  536    53. 126.   1   2.57168E-23  I 126
  537    53. 127.   1   2.88606E-09  I 127
  538    53. 128.   1   5.41575E-21  I 128
  539    53. 129.   1   5.59788E-13  I 129
  540    53. 130.   1   2.11076E-23  I 130
  541    53. 131.   1   1.14186E-15  I 131
  542    53. 132.   1   1.68829E-26  I 132
  543    53. 133.   1   7.13731E-31  I 133
  544    53. 134.   1   5.02163E-34  I 134
  545    53. 135.   1   1.00004E-99  I 135
  546    54. 118.   1   1.00004E-99  XE118
  547    54. 119.   1   1.00004E-99  XE119
  548    54. 120.   1   1.00004E-99  XE120
  549    54. 121.   1   1.00004E-99  XE121
  550    54. 122.   1   1.00004E-99  XE122
  551    54. 123.   1   1.00004E-99  XE123
  552    54. 124.   1   1.78708E-11  XE124
  553    54. 125.   1   1.97528E-21  XE125
  554    54. 126.   1   1.62024E-11  XE126
  555    54. 127.   1   6.40194E-15  XE127
  556    54. 128.   1   3.38932E-10  XE128
  557    54. 129.   1   4.17087E-09  XE129
  558    54. 130.   1   6.80462E-10  XE130
  559    54. 131.   1   3.37621E-09  XE131
  560    54. 132.   1   4.14371E-09  XE132
  561    54. 133.   1   1.21916E-16  XE133
  562    54. 134.   1   1.55596E-09  XE134
  563    54. 135.   1   1.80699E-21  XE135
  564    54. 136.   1   1.28304E-09  XE136
  565    54. 137.   1   1.26521E-24  XE137
  566    54. 138.   1   1.00000E-99  XE138
  567    55. 123.   1   1.00004E-99  CS123
  568    55. 124.   1   1.00004E-99  CS124
  569    55. 125.   1   1.00004E-99  CS125
  570    55. 126.   1   1.00004E-99  CS126
  571    55. 127.   1   1.00004E-99  CS127
  572    55. 128.   1   1.00004E-99  CS128
  573    55. 129.   1   1.00004E-99  CS129
  574    55. 130.   1   1.00004E-99  CS130
  575    55. 131.   1   2.85478E-15  CS131
  576    55. 132.   1   2.67637E-24  CS132
  577    55. 133.   1   1.24980E-09  CS133
  578    55. 134.   1   2.00565E-12  CS134
  579    55. 135.   1   9.54082E-14  CS135
  580    55. 136.   1   3.06302E-20  CS136
  581    55. 137.   1   9.15384E-15  CS137
  582    55. 138.   1   5.79613E-28  CS138
  583    55. 139.   1   6.43393E-33  CS139
  584    56. 124.   1   1.00004E-99  BA124
  585    56. 125.   1   1.00004E-99  BA125
  586    56. 126.   1   1.00004E-99  BA126
  587    56. 127.   1   1.00004E-99  BA127
  588    56. 128.   1   1.00004E-99  BA128
  589    56. 129.   1   1.00004E-99  BA129
  590    56. 130.   1   1.56176E-11  BA130
  591    56. 131.   1   1.76297E-15  BA131
  592    56. 132.   1   1.51132E-11  BA132
  593    56. 133.   1   7.90500E-15  BA133
  594    56. 134.   1   3.69481E-10  BA134
  595    56. 135.   1   1.00960E-09  BA135
  596    56. 136.   1   1.21539E-09  BA136
  597    56. 137.   1   1.74690E-09  BA137
  598    56. 138.   1   1.12407E-08  BA138
  599    56. 139.   1   5.67411E-22  BA139
  600    56. 140.   1   1.08508E-20  BA140
  601    56. 141.   1   7.07307E-33  BA141
  602    56. 142.   1   1.00004E-99  BA142
  603    57. 127.   1   1.00004E-99  LA127
  604    57. 128.   1   1.00004E-99  LA128
  605    57. 129.   1   1.00004E-99  LA129
  606    57. 130.   1   1.00004E-99  LA130
  607    57. 131.   1   1.00004E-99  LA131
  608    57. 132.   1   1.00004E-99  LA132
  609    57. 133.   1   1.00004E-99  LA133
  610    57. 134.   1   1.00004E-99  LA134
  611    57. 135.   1   1.00004E-99  LA135
  612    57. 136.   1   1.00004E-99  LA136
  613    57. 137.   1   3.61392E-15  LA137
  614    57. 138.   1   1.42574E-12  LA138
  615    57. 139.   1   1.56803E-09  LA139
  616    57. 140.   1   2.06967E-20  LA140
  617    57. 141.   1   4.49046E-31  LA141
  618    57. 142.   1   9.03254E-32  LA142
  619    57. 143.   1   1.00004E-99  LA143
  620    58. 130.   1   1.00004E-99  CE130
  621    58. 131.   1   1.00004E-99  CE131
  622    58. 132.   1   1.00004E-99  CE132
  623    58. 133.   1   1.00004E-99  CE133
  624    58. 134.   1   1.00004E-99  CE134
  625    58. 135.   1   1.00004E-99  CE135
  626    58. 136.   1   7.42177E-12  CE136
  627    58. 137.   1   1.84755E-22  CE137
  628    58. 138.   1   9.87369E-12  CE138
  629    58. 139.   1   4.34915E-15  CE139
  630    58. 140.   1   3.55925E-09  CE140
  631    58. 141.   1   2.69768E-14  CE141
  632    58. 142.   1   4.52576E-10  CE142
  633    58. 143.   1   2.94570E-21  CE143
  634    58. 144.   1   2.09061E-19  CE144
  635    58. 145.   1   1.37639E-33  CE145
  636    58. 146.   1   2.66084E-33  CE146
  637    59. 133.   1   1.00004E-99  PR133
  638    59. 134.   1   1.00004E-99  PR134
  639    59. 135.   1   1.00004E-99  PR135
  640    59. 136.   1   1.00004E-99  PR136
  641    59. 137.   1   1.00004E-99  PR137
  642    59. 138.   1   1.00004E-99  PR138
  643    59. 139.   1   1.00004E-99  PR139
  644    59. 140.   1   1.00004E-99  PR140
  645    59. 141.   1   5.95389E-10  PR141
  646    59. 142.   1   2.54364E-20  PR142
  647    59. 143.   1   1.74864E-15  PR143
  648    59. 144.   1   8.83745E-24  PR144
  649    59. 145.   1   1.58149E-31  PR145
  650    59. 146.   1   6.38567E-33  PR146
  651    59. 147.   1   1.00004E-99  PR147
  652    59. 148.   1   1.00004E-99  PR148
  653    59. 149.   1   1.00004E-99  PR149
  654    60. 134.   1   1.00004E-99  ND134
  655    60. 135.   1   1.00004E-99  ND135
  656    60. 136.   1   1.00004E-99  ND136
  657    60. 137.   1   1.00004E-99  ND137
  658    60. 138.   1   1.00004E-99  ND138
  659    60. 139.   1   1.00004E-99  ND139
  660    60. 140.   1   1.00004E-99  ND140
  661    60. 141.   1   2.03654E-29  ND141
  662    60. 142.   1   8.08439E-10  ND142
  663    60. 143.   1   3.61433E-10  ND143
  664    60. 144.   1   7.17834E-10  ND144
  665    60. 145.   1   2.51758E-10  ND145
  666    60. 146.   1   5.24752E-10  ND146
  667    60. 147.   1   2.24045E-15  ND147
  668    60. 148.   1   1.78514E-10  ND148
  669    60. 149.   1   3.47071E-22  ND149
  670    60. 150.   1   1.77075E-10  ND150
  671    60. 151.   1   5.87359E-23  ND151
  672    60. 152.   1   1.00000E-99  ND152
  673    61. 137.   1   1.00004E-99  PM137
  674    61. 138.   1   1.00004E-99  PM138
  675    61. 139.   1   1.00004E-99  PM139
  676    61. 140.   1   1.00004E-99  PM140
  677    61. 141.   1   1.00004E-99  PM141
  678    61. 142.   1   1.00004E-99  PM142
  679    61. 143.   1   1.00004E-99  PM143
  680    61. 144.   1   1.00004E-99  PM144
  681    61. 145.   1   8.07149E-16  PM145
  682    61. 146.   1   1.85258E-24  PM146
  683    61. 147.   1   1.29917E-13  PM147
  684    61. 148.   1   2.08872E-22  PM148
  685    61. 149.   1   1.07726E-20  PM149
  686    61. 150.   1   7.84087E-31  PM150
  687    61. 151.   1   8.07236E-21  PM151
  688    61. 152.   1   3.59050E-32  PM152
  689    61. 153.   1   4.10492E-33  PM153
  690    61. 154.   1   1.00004E-99  PM154
  691    62. 140.   1   1.00004E-99  SM140
  692    62. 141.   1   1.00004E-99  SM141
  693    62. 142.   1   1.00004E-99  SM142
  694    62. 143.   1   1.00004E-99  SM143
  695    62. 144.   1   2.91332E-11  SM144
  696    62. 145.   1   7.08993E-15  SM145
  697    62. 146.   1   3.10888E-19  SM146
  698    62. 147.   1   1.47809E-10  SM147
  699    62. 148.   1   1.09819E-10  SM148
  700    62. 149.   1   1.33172E-10  SM149
  701    62. 150.   1   7.35910E-11  SM150
  702    62. 151.   1   2.38696E-13  SM151
  703    62. 152.   1   2.64516E-10  SM152
  704    62. 153.   1   3.91296E-20  SM153
  705    62. 154.   1   2.28150E-10  SM154
  706    62. 155.   1   1.27211E-22  SM155
  707    62. 156.   1   1.00000E-99  SM156
  708    62. 157.   1   1.30075E-34  SM157
  709    62. 158.   1   1.00004E-99  SM158
  710    63. 143.   1   1.00004E-99  EU143
  711    63. 144.   1   1.00004E-99  EU144
  712    63. 145.   1   1.00004E-99  EU145
  713    63. 146.   1   1.00004E-99  EU146
  714    63. 147.   1   1.00004E-99  EU147
  715    63. 148.   1   1.00004E-99  EU148
  716    63. 149.   1   1.00004E-99  EU149
  717    63. 150.   1   1.00004E-99  EU150
  718    63. 151.   1   1.74883E-10  EU151
  719    63. 152.   1   2.67744E-12  EU152
  720    63. 153.   1   1.95273E-10  EU153
  721    63. 154.   1   1.75233E-12  EU154
  722    63. 155.   1   1.55557E-13  EU155
  723    63. 156.   1   2.59447E-23  EU156
  724    63. 157.   1   8.42780E-31  EU157
  725    63. 158.   1   1.00004E-99  EU158
  726    63. 159.   1   1.00004E-99  EU159
  727    64. 144.   1   1.00004E-99  GD144
  728    64. 145.   1   1.00004E-99  GD145
  729    64. 146.   1   1.00004E-99  GD146
  730    64. 147.   1   1.00004E-99  GD147
  731    64. 148.   1   1.00004E-99  GD148
  732    64. 149.   1   1.00004E-99  GD149
  733    64. 150.   1   1.00004E-99  GD150
  734    64. 151.   1   1.00004E-99  GD151
  735    64. 152.   1   2.54073E-12  GD152
  736    64. 153.   1   8.84317E-15  GD153
  737    64. 154.   1   2.79415E-11  GD154
  738    64. 155.   1   1.89689E-10  GD155
  739    64. 156.   1   2.67900E-10  GD156
  740    64. 157.   1   2.04368E-10  GD157
  741    64. 158.   1   3.28460E-10  GD158
  742    64. 159.   1   1.38249E-20  GD159
  743    64. 160.   1   2.91611E-10  GD160
  744    64. 161.   1   2.59641E-23  GD161
  745    64. 162.   1   1.00000E-99  GD162
  746    65. 147.   1   1.00004E-99  TB147
  747    65. 148.   1   1.00004E-99  TB148
  748    65. 149.   1   1.00004E-99  TB149
  749    65. 150.   1   1.00004E-99  TB150
  750    65. 151.   1   1.00004E-99  TB151
  751    65. 152.   1   1.00004E-99  TB152
  752    65. 153.   1   1.00004E-99  TB153
  753    65. 154.   1   1.00004E-99  TB154
  754    65. 155.   1   1.00004E-99  TB155
  755    65. 156.   1   1.00004E-99  TB156
  756    65. 157.   1   4.71977E-15  TB157
  757    65. 158.   1   5.13365E-23  TB158
  758    65. 159.   1   2.41541E-10  TB159
  759    65. 160.   1   6.97402E-13  TB160
  760    65. 161.   1   2.38821E-16  TB161
  761    65. 162.   1   1.70441E-28  TB162
  762    65. 163.   1   1.36133E-32  TB163
  763    65. 164.   1   1.00004E-99  TB164
  764    65. 165.   1   1.00004E-99  TB165
  765    66. 148.   1   1.00004E-99  DY148
  766    66. 149.   1   1.00004E-99  DY149
  767    66. 150.   1   1.00004E-99  DY150
  768    66. 151.   1   1.00004E-99  DY151
  769    66. 152.   1   1.00004E-99  DY152
  770    66. 153.   1   1.00004E-99  DY153
  771    66. 154.   1   1.00004E-99  DY154
  772    66. 155.   1   1.00004E-99  DY155
  773    66. 156.   1   8.67422E-13  DY156
  774    66. 157.   1   8.62915E-23  DY157
  775    66. 158.   1   1.50506E-12  DY158
  776    66. 159.   1   4.53002E-15  DY159
  777    66. 160.   1   3.78340E-11  DY160
  778    66. 161.   1   3.01567E-10  DY161
  779    66. 162.   1   4.15497E-10  DY162
  780    66. 163.   1   3.99949E-10  DY163
  781    66. 164.   1   4.61773E-10  DY164
  782    66. 165.   1   1.71965E-21  DY165
  783    66. 166.   1   6.32600E-24  DY166
  784    66. 167.   1   5.81854E-33  DY167
  785    66. 168.   1   1.00004E-99  DY168
  786    67. 153.   1   1.00004E-99  HO153
  787    67. 154.   1   1.00004E-99  HO154
  788    67. 155.   1   1.00004E-99  HO155
  789    67. 156.   1   1.00004E-99  HO156
  790    67. 157.   1   1.00004E-99  HO157
  791    67. 158.   1   1.00004E-99  HO158
  792    67. 159.   1   1.00004E-99  HO159
  793    67. 160.   1   1.00004E-99  HO160
  794    67. 161.   1   1.00004E-99  HO161
  795    67. 162.   1   1.00004E-99  HO162
  796    67. 163.   1   1.33006E-13  HO163
  797    67. 164.   1   1.05178E-24  HO164
  798    67. 165.   1   3.69900E-10  HO165
  799    67. 166.   1   1.65632E-15  HO166
  800    67. 167.   1   2.96740E-26  HO167
  801    67. 168.   1   5.40240E-34  HO168
  802    67. 169.   1   1.00004E-99  HO169
  803    68. 154.   1   1.00004E-99  ER154
  804    68. 155.   1   1.00004E-99  ER155
  805    68. 156.   1   1.00004E-99  ER156
  806    68. 157.   1   1.00004E-99  ER157
  807    68. 158.   1   1.00004E-99  ER158
  808    68. 159.   1   1.00004E-99  ER159
  809    68. 160.   1   1.00004E-99  ER160
  810    68. 161.   1   1.00004E-99  ER161
  811    68. 162.   1   1.42922E-12  ER162
  812    68. 163.   1   2.38658E-23  ER163
  813    68. 164.   1   1.66966E-11  ER164
  814    68. 165.   1   1.63333E-21  ER165
  815    68. 166.   1   3.54967E-10  ER166
  816    68. 167.   1   2.42532E-10  ER167
  817    68. 168.   1   2.86690E-10  ER168
  818    68. 169.   1   1.63259E-15  ER169
  819    68. 170.   1   1.60686E-10  ER170
  820    68. 171.   1   1.96378E-21  ER171
  821    68. 172.   1   1.88367E-28  ER172
  822    68. 173.   1   3.66089E-32  ER173
  823    68. 174.   1   1.00004E-99  ER174
  824    68. 175.   1   1.00004E-99  ER175
  825    69. 159.   1   1.00004E-99  TM159
  826    69. 160.   1   1.00004E-99  TM160
  827    69. 161.   1   1.00004E-99  TM161
  828    69. 162.   1   1.00004E-99  TM162
  829    69. 163.   1   1.00004E-99  TM163
  830    69. 164.   1   1.00004E-99  TM164
  831    69. 165.   1   1.00004E-99  TM165
  832    69. 166.   1   1.00004E-99  TM166
  833    69. 167.   1   1.00004E-99  TM167
  834    69. 168.   1   1.00004E-99  TM168
  835    69. 169.   1   1.61083E-10  TM169
  836    69. 170.   1   5.70493E-13  TM170
  837    69. 171.   1   1.12477E-13  TM171
  838    69. 172.   1   3.57470E-23  TM172
  839    69. 173.   1   8.84061E-30  TM173
  840    69. 174.   1   1.27552E-34  TM174
  841    69. 175.   1   1.00004E-99  TM175
  842    69. 176.   1   1.00004E-99  TM176
  843    70. 160.   1   1.00004E-99  YB160
  844    70. 161.   1   1.00004E-99  YB161
  845    70. 162.   1   1.00004E-99  YB162
  846    70. 163.   1   1.00004E-99  YB163
  847    70. 164.   1   1.00004E-99  YB164
  848    70. 165.   1   1.00004E-99  YB165
  849    70. 166.   1   1.00004E-99  YB166
  850    70. 167.   1   1.00004E-99  YB167
  851    70. 168.   1   1.36296E-12  YB168
  852    70. 169.   1   1.48909E-15  YB169
  853    70. 170.   1   3.26729E-11  YB170
  854    70. 171.   1   1.52611E-10  YB171
  855    70. 172.   1   2.36548E-10  YB172
  856    70. 173.   1   1.74773E-10  YB173
  857    70. 174.   1   3.47132E-10  YB174
  858    70. 175.   1   8.11619E-19  YB175
  859    70. 176.   1   1.40154E-10  YB176
  860    70. 177.   1   2.11961E-22  YB177
  861    70. 178.   1   1.00000E-99  YB178
  862    70. 179.   1   1.00000E-99  YB179
  863    70. 180.   1   1.00004E-99  YB180
  864    71. 165.   1   1.00004E-99  LU165
  865    71. 166.   1   1.00004E-99  LU166
  866    71. 167.   1   1.00004E-99  LU167
  867    71. 168.   1   1.00004E-99  LU168
  868    71. 169.   1   1.00004E-99  LU169
  869    71. 170.   1   1.00004E-99  LU170
  870    71. 171.   1   1.00004E-99  LU171
  871    71. 172.   1   1.00004E-99  LU172
  872    71. 173.   1   1.00004E-99  LU173
  873    71. 174.   1   1.00004E-99  LU174
  874    71. 175.   1   1.57545E-10  LU175
  875    71. 176.   1   5.20916E-12  LU176
  876    71. 177.   1   7.74678E-17  LU177
  877    71. 178.   1   1.46273E-28  LU178
  878    71. 179.   1   1.00000E-99  LU179
  879    71. 180.   1   5.71572E-37  LU180
  880    71. 181.   1   1.00004E-99  LU181
  881    71. 182.   1   1.00004E-99  LU182
  882    72. 166.   1   1.00004E-99  HF166
  883    72. 167.   1   1.00004E-99  HF167
  884    72. 168.   1   1.00004E-99  HF168
  885    72. 169.   1   1.00004E-99  HF169
  886    72. 170.   1   1.00004E-99  HF170
  887    72. 171.   1   1.00004E-99  HF171
  888    72. 172.   1   1.00004E-99  HF172
  889    72. 173.   1   1.00004E-99  HF173
  890    72. 174.   1   1.09259E-12  HF174
  891    72. 175.   1   1.95261E-15  HF175
  892    72. 176.   1   3.52362E-11  HF176
  893    72. 177.   1   1.28033E-10  HF177
  894    72. 178.   1   1.89570E-10  HF178
  895    72. 179.   1   9.49889E-11  HF179
  896    72. 180.   1   2.47072E-10  HF180
  897    72. 181.   1   3.01756E-14  HF181
  898    72. 182.   1   1.19181E-18  HF182
  899    72. 183.   1   1.12985E-30  HF183
  900    72. 184.   1   1.00000E-99  HF184
  901    72. 185.   1   1.00004E-99  HF185
  902    73. 169.   1   1.00004E-99  TA169
  903    73. 170.   1   1.00004E-99  TA170
  904    73. 171.   1   1.00004E-99  TA171
  905    73. 172.   1   1.00004E-99  TA172
  906    73. 173.   1   1.00004E-99  TA173
  907    73. 174.   1   1.00004E-99  TA174
  908    73. 175.   1   1.00004E-99  TA175
  909    73. 176.   1   1.00004E-99  TA176
  910    73. 177.   1   1.00004E-99  TA177
  911    73. 178.   1   1.00004E-99  TA178
  912    73. 179.   1   1.00004E-99  TA179
  913    73. 180.   1   1.00000E-99  TA180
  914    73. 181.   1   9.45037E-11  TA181
  915    73. 182.   1   1.93116E-13  TA182
  916    73. 183.   1   4.33025E-21  TA183
  917    73. 184.   1   1.91770E-30  TA184
  918    73. 185.   1   2.44695E-32  TA185
  919    73. 186.   1   1.00004E-99  TA186
  920    74. 172.   1   1.00004E-99  W 172
  921    74. 173.   1   1.00004E-99  W 173
  922    74. 174.   1   1.00004E-99  W 174
  923    74. 175.   1   1.00004E-99  W 175
  924    74. 176.   1   1.00004E-99  W 176
  925    74. 177.   1   1.00004E-99  W 177
  926    74. 178.   1   1.00004E-99  W 178
  927    74. 179.   1   1.00004E-99  W 179
  928    74. 180.   1   7.81084E-13  W 180
  929    74. 181.   1   1.32287E-15  W 181
  930    74. 182.   1   1.61121E-10  W 182
  931    74. 183.   1   8.79065E-11  W 183
  932    74. 184.   1   1.89920E-10  W 184
  933    74. 185.   1   8.66122E-14  W 185
  934    74. 186.   1   1.78697E-10  W 186
  935    74. 187.   1   6.91362E-21  W 187
  936    74. 188.   1   8.37660E-19  W 188
  937    74. 189.   1   4.73601E-32  W 189
  938    74. 190.   1   1.00004E-99  W 190
  939    75. 175.   1   1.00004E-99  RE175
  940    75. 176.   1   1.00004E-99  RE176
  941    75. 177.   1   1.00004E-99  RE177
  942    75. 178.   1   1.00004E-99  RE178
  943    75. 179.   1   1.00004E-99  RE179
  944    75. 180.   1   1.00004E-99  RE180
  945    75. 181.   1   1.00004E-99  RE181
  946    75. 182.   1   1.00004E-99  RE182
  947    75. 183.   1   1.00004E-99  RE183
  948    75. 184.   1   1.00004E-99  RE184
  949    75. 185.   1   9.00137E-11  RE185
  950    75. 186.   1   3.09389E-18  RE186
  951    75. 187.   1   1.62426E-10  RE187
  952    75. 188.   1   3.68116E-20  RE188
  953    75. 189.   1   1.00000E-99  RE189
  954    75. 190.   1   9.14772E-32  RE190
  955    75. 191.   1   2.53231E-34  RE191
  956    76. 179.   1   1.00004E-99  OS179
  957    76. 180.   1   1.00004E-99  OS180
  958    76. 181.   1   1.00004E-99  OS181
  959    76. 182.   1   1.00004E-99  OS182
  960    76. 183.   1   1.00004E-99  OS183
  961    76. 184.   1   5.66715E-13  OS184
  962    76. 185.   1   7.53748E-16  OS185
  963    76. 186.   1   5.06368E-11  OS186
  964    76. 187.   1   3.76370E-11  OS187
  965    76. 188.   1   4.27561E-10  OS188
  966    76. 189.   1   5.18673E-10  OS189
  967    76. 190.   1   8.57677E-10  OS190
  968    76. 191.   1   1.21824E-14  OS191
  969    76. 192.   1   1.34448E-09  OS192
  970    76. 193.   1   4.62266E-20  OS193
  971    76. 194.   1   6.98164E-18  OS194
  972    76. 195.   1   1.62866E-31  OS195
  973    76. 196.   1   1.00004E-99  OS196
  974    77. 181.   1   1.00004E-99  IR181
  975    77. 182.   1   1.00004E-99  IR182
  976    77. 183.   1   1.00004E-99  IR183
  977    77. 184.   1   1.00004E-99  IR184
  978    77. 185.   1   1.00004E-99  IR185
  979    77. 186.   1   1.00004E-99  IR186
  980    77. 187.   1   1.00004E-99  IR187
  981    77. 188.   1   1.00004E-99  IR188
  982    77. 189.   1   1.00004E-99  IR189
  983    77. 190.   1   1.00004E-99  IR190
  984    77. 191.   1   1.18717E-09  IR191
  985    77. 192.   1   3.70982E-12  IR192
  986    77. 193.   1   2.01399E-09  IR193
  987    77. 194.   1   3.26974E-19  IR194
  988    77. 195.   1   5.99448E-30  IR195
  989    77. 196.   1   6.26452E-33  IR196
  990    77. 197.   1   1.00004E-99  IR197
  991    78. 184.   1   1.00004E-99  PT184
  992    78. 185.   1   1.00004E-99  PT185
  993    78. 186.   1   1.00004E-99  PT186
  994    78. 187.   1   1.00004E-99  PT187
  995    78. 188.   1   1.00004E-99  PT188
  996    78. 189.   1   1.00004E-99  PT189
  997    78. 190.   1   8.15715E-13  PT190
  998    78. 191.   1   3.23420E-20  PT191
  999    78. 192.   1   5.36784E-11  PT192
 1000    78. 193.   1   8.57877E-14  PT193
 1001    78. 194.   1   2.16956E-09  PT194
 1002    78. 195.   1   2.23043E-09  PT195
 1003    78. 196.   1   1.68109E-09  PT196
 1004    78. 197.   1   4.03014E-20  PT197
 1005    78. 198.   1   4.82148E-10  PT198
 1006    78. 199.   1   1.88780E-22  PT199
 1007    78. 200.   1   1.00000E-99  PT200
 1008    78. 201.   1   5.26707E-33  PT201
 1009    78. 202.   1   1.00004E-99  PT202
 1010    79. 185.   1   1.00004E-99  AU185
 1011    79. 186.   1   1.00004E-99  AU186
 1012    79. 187.   1   1.00004E-99  AU187
 1013    79. 188.   1   1.00004E-99  AU188
 1014    79. 189.   1   1.00004E-99  AU189
 1015    79. 190.   1   1.00004E-99  AU190
 1016    79. 191.   1   1.00004E-99  AU191
 1017    79. 192.   1   1.00004E-99  AU192
 1018    79. 193.   1   1.00004E-99  AU193
 1019    79. 194.   1   1.00004E-99  AU194
 1020    79. 195.   1   1.00004E-99  AU195
 1021    79. 196.   1   1.00004E-99  AU196
 1022    79. 197.   1   9.30468E-10  AU197
 1023    79. 198.   1   5.39961E-19  AU198
 1024    79. 199.   1   1.43091E-19  AU199
 1025    79. 200.   1   3.91089E-30  AU200
 1026    79. 201.   1   5.48256E-32  AU201
 1027    79. 202.   1   1.00004E-99  AU202
 1028    79. 203.   1   1.00004E-99  AU203
 1029    80. 189.   1   1.00004E-99  HG189
 1030    80. 190.   1   1.00004E-99  HG190
 1031    80. 191.   1   1.00004E-99  HG191
 1032    80. 192.   1   1.00004E-99  HG192
 1033    80. 193.   1   1.00004E-99  HG193
 1034    80. 194.   1   1.00004E-99  HG194
 1035    80. 195.   1   1.00004E-99  HG195
 1036    80. 196.   1   2.57623E-12  HG196
 1037    80. 197.   1   5.55181E-22  HG197
 1038    80. 198.   1   1.72076E-10  HG198
 1039    80. 199.   1   2.88719E-10  HG199
 1040    80. 200.   1   3.97444E-10  HG200
 1041    80. 201.   1   2.27729E-10  HG201
 1042    80. 202.   1   5.18758E-10  HG202
 1043    80. 203.   1   1.22480E-20  HG203
 1044    80. 204.   1   1.20190E-10  HG204
 1045    80. 205.   1   2.75316E-24  HG205
 1046    80. 206.   1   1.00000E-99  HG206
 1047    80. 207.   1   5.00790E-33  HG207
 1048    80. 208.   1   1.00004E-99  HG208
 1049    81. 192.   1   1.00004E-99  TL192
 1050    81. 193.   1   1.00004E-99  TL193
 1051    81. 194.   1   1.00004E-99  TL194
 1052    81. 195.   1   1.00004E-99  TL195
 1053    81. 196.   1   1.00004E-99  TL196
 1054    81. 197.   1   1.00004E-99  TL197
 1055    81. 198.   1   1.00004E-99  TL198
 1056    81. 199.   1   1.00004E-99  TL199
 1057    81. 200.   1   1.00004E-99  TL200
 1058    81. 201.   1   1.00004E-99  TL201
 1059    81. 202.   1   1.00004E-99  TL202
 1060    81. 203.   1   2.78783E-10  TL203
 1061    81. 204.   1   1.26355E-13  TL204
 1062    81. 205.   1   6.72557E-10  TL205
 1063    81. 206.   1   1.27298E-23  TL206
 1064    81. 207.   1   1.51176E-32  TL207
 1065    81. 208.   1   6.18559E-33  TL208
 1066    81. 209.   1   1.00004E-99  TL209
 1067    81. 210.   1   1.00004E-99  TL210
 1068    82. 193.   1   1.00004E-99  PB193
 1069    82. 194.   1   1.00004E-99  PB194
 1070    82. 195.   1   1.00004E-99  PB195
 1071    82. 196.   1   1.00004E-99  PB196
 1072    82. 197.   1   1.00004E-99  PB197
 1073    82. 198.   1   1.00004E-99  PB198
 1074    82. 199.   1   1.00004E-99  PB199
 1075    82. 200.   1   1.00004E-99  PB200
 1076    82. 201.   1   1.00004E-99  PB201
 1077    82. 202.   1   1.00004E-99  PB202
 1078    82. 203.   1   1.00004E-99  PB203
 1079    82. 204.   1   3.15195E-10  PB204
 1080    82. 205.   1   1.18797E-13  PB205
 1081    82. 208.   1   9.61841E-09  PB208
 1082    82. 209.   1   4.59775E-24  PB209
 1083    82. 210.   1   2.58154E-22  PB210
 1084    82. 211.   1   1.00004E-99  PB211
 1085    83. 202.   1   1.00004E-99  BI202
 1086    83. 203.   1   1.00004E-99  BI203
 1087    83. 204.   1   1.00004E-99  BI204
 1088    83. 205.   1   1.00004E-99  BI205
 1089    83. 206.   1   1.00004E-99  BI206
 1090    83. 207.   1   1.00004E-99  BI207
 1091    83. 208.   1   1.00004E-99  BI208
 1092    83. 209.   1   7.61316E-10  BI209
 1093    83. 210.   1   1.56968E-18  BI210
